7
models/duck.obj
0.2
-0.345 -0.345 2.667
0.890535 0.190141 0.372235 -0.179553
models/Tomato.obj
0.1
1.034 -0.2 -1.333
0.239581 0.411961 0.394791 0.785532
models/amongus_turbosmooth.obj
0.01
0.345 1.724 -2
-0.114465 0.393909 0.268837 0.871507
models/E-45-Aircraft/Aircraft_obj.obj
1.5
-0.3 -0.2 -8.667
-0.402501 -0.253054 0.854856 0.207811
models/A2.obj
0.776
3.793 0.1 -3.333
0 0 0 1
models/Obj/Gold_Star.obj
0.1
7.931 2.414 -5
0.583441 -0.300596 0.587833 0.473018
models/shipA_OBJ.obj
0.01
-1.034 -0.345 3.333
0.768496 0.428875 -0.47478 0.00821711
2
-0.460936 -0.361935 4.7603
0.0950182 0.0952461 -0.990909
-0.00909144 0.995454 0.0948112
0.9 0.3 0.3
-0.806421 -0.339238 -0.484358
0 1 0
